   2   2.0000     -19.173024      -521.7245 
   3   2.0000     -19.171820      -521.6918 
   4   2.0000     -19.170725      -521.6620 
   5   2.0000     -19.167897      -521.5850 
   6   2.0000     -14.431424      -392.6990 
   7   2.0000     -14.422662      -392.4606 
   8   2.0000     -14.397959      -391.7884 
   9   2.0000     -14.394820      -391.7030 
  10   2.0000     -10.385611      -282.6068 
  11   2.0000     -10.385459      -282.6027 
  12   2.0000     -10.348023      -281.5840 
  13   2.0000     -10.345700      -281.5208 
  14   2.0000     -10.301807      -280.3264 
  15   2.0000     -10.300086      -280.2796 
  16   2.0000     -10.282868      -279.8111 
  17   2.0000     -10.280098      -279.7357 
  18   2.0000     -10.274712      -279.5891 
  19   2.0000     -10.269112      -279.4367 
  20   2.0000     -10.262525      -279.2575 
  21   2.0000     -10.259081      -279.1638 
  22   2.0000     -10.257273      -279.1146 
  23   2.0000     -10.257048      -279.1085 
  24   2.0000     -10.233975      -278.4806 
  25   2.0000     -10.230714      -278.3919 
  26   2.0000     -10.223053      -278.1834 
  27   2.0000     -10.219533      -278.0876 
  28   2.0000     -10.212581      -277.8984 
  29   2.0000     -10.190762      -277.3047 
  30   2.0000     -10.189356      -277.2665 
  31   2.0000     -10.185798      -277.1697 
  32   2.0000     -10.185632      -277.1651 
  33   2.0000     -10.185459      -277.1604 
  34   2.0000     -10.185275      -277.1554 
  35   2.0000     -10.183604      -277.1100 
  36   2.0000     -10.181957      -277.0651 
  37   2.0000     -10.179444      -276.9967 
  38   2.0000     -10.176353      -276.9126 
  39   2.0000      -1.169183       -31.8151 
  40   2.0000      -1.167350       -31.7652 
  41   2.0000      -1.113211       -30.2920 
  42   2.0000      -1.110742       -30.2248 
  43   2.0000      -1.075955       -29.2782 
  44   2.0000      -1.073110       -29.2008 
  45   2.0000      -1.035910       -28.1886 
  46   2.0000      -1.016680       -27.6653 
  47   2.0000      -1.014378       -27.6026 
  48   2.0000      -1.009738       -27.4764 
  49   2.0000      -0.923929       -25.1414 
  50   2.0000      -0.918369       -24.9901 
  51   2.0000      -0.912797       -24.8385 
  52   2.0000      -0.904051       -24.6005 
  53   2.0000      -0.900474       -24.5031 
  54   2.0000      -0.899912       -24.4879 
  55   2.0000      -0.847960       -23.0742 
  56   2.0000      -0.844568       -22.9819 
  57   2.0000      -0.822190       -22.3729 
  58   2.0000      -0.803824       -21.8732 
  59   2.0000      -0.801037       -21.7973 
  60   2.0000      -0.799825       -21.7643 
  61   2.0000      -0.799520       -21.7561 
  62   2.0000      -0.798342       -21.7240 
  63   2.0000      -0.791923       -21.5493 
  64   2.0000      -0.787775       -21.4364 
  65   2.0000      -0.783861       -21.3299 
  66   2.0000      -0.750086       -20.4109 
  67   2.0000      -0.747430       -20.3386 
  68   2.0000      -0.723181       -19.6788 
  69   2.0000      -0.709479       -19.3059 
  70   2.0000      -0.702621       -19.1193 
  71   2.0000      -0.676993       -18.4219 
  72   2.0000      -0.669248       -18.2112 
  73   2.0000      -0.665341       -18.1049 
  74   2.0000      -0.650098       -17.6901 
  75   2.0000      -0.648290       -17.6409 
  76   2.0000      -0.646717       -17.5981 
  77   2.0000      -0.628552       -17.1038 
  78   2.0000      -0.595291       -16.1987 
  79   2.0000      -0.590076       -16.0568 
  80   2.0000      -0.587054       -15.9745 
  81   2.0000      -0.581731       -15.8297 
  82   2.0000      -0.576049       -15.6751 
  83   2.0000      -0.570544       -15.5253 
  84   2.0000      -0.565175       -15.3792 
  85   2.0000      -0.556798       -15.1512 
  86   2.0000      -0.551872       -15.0172 
  87   2.0000      -0.551105       -14.9963 
  88   2.0000      -0.548860       -14.9353 
  89   2.0000      -0.544422       -14.8145 
  90   2.0000      -0.541669       -14.7396 
  91   2.0000      -0.541044       -14.7225 
  92   2.0000      -0.535374       -14.5683 
  93   2.0000      -0.533696       -14.5226 
  94   2.0000      -0.530107       -14.4249 
  95   2.0000      -0.524201       -14.2642 
  96   2.0000      -0.520741       -14.1701 
  97   2.0000      -0.518317       -14.1041 
  98   2.0000      -0.515639       -14.0313 
  99   2.0000      -0.514546       -14.0015 
 100   2.0000      -0.510182       -13.8828 
 101   2.0000      -0.508399       -13.8343 
 102   2.0000      -0.503389       -13.6979 
 103   2.0000      -0.497255       -13.5310 
 104   2.0000      -0.494599       -13.4587 
 105   2.0000      -0.486702       -13.2438 
 106   2.0000      -0.483430       -13.1548 
 107   2.0000      -0.481444       -13.1007 
 108   2.0000      -0.479227       -13.0404 
 109   2.0000      -0.478176       -13.0118 
 110   2.0000      -0.476850       -12.9758 
 111   2.0000      -0.474456       -12.9106 
 112   2.0000      -0.470848       -12.8124 
 113   2.0000      -0.468373       -12.7451 
 114   2.0000      -0.467333       -12.7168 
 115   2.0000      -0.461042       -12.5456 
 116   2.0000      -0.460388       -12.5278 
 117   2.0000      -0.458053       -12.4643 
 118   2.0000      -0.452940       -12.3251 
 119   2.0000      -0.451714       -12.2918 
 120   2.0000      -0.450694       -12.2640 
 121   2.0000      -0.448520       -12.2049 
 122   2.0000      -0.446299       -12.1444 
 123   2.0000      -0.436954       -11.8901 
 124   2.0000      -0.430901       -11.7254 
 125   2.0000      -0.426874       -11.6158 
 126   2.0000      -0.416372       -11.3301 
 127   2.0000      -0.413438       -11.2502 
 128   2.0000      -0.413117       -11.2415 
 129   2.0000      -0.410744       -11.1769 
 130   2.0000      -0.409345       -11.1388 
 131   2.0000      -0.402560       -10.9542 
 132   2.0000      -0.398502       -10.8438 
 133   2.0000      -0.392824       -10.6893 
 134   2.0000      -0.390065       -10.6142 
 135   2.0000      -0.386535       -10.5182 
 136   2.0000      -0.385348       -10.4859 
 137   2.0000      -0.382452       -10.4070 
 138   2.0000      -0.381216       -10.3734 
 139   2.0000      -0.378406       -10.2970 
 140   2.0000      -0.373243       -10.1565 
 141   2.0000      -0.339942        -9.2503 
 142   2.0000      -0.337737        -9.1903 
 143   2.0000      -0.321871        -8.7585 
 144   2.0000      -0.320108        -8.7106 
 145   2.0000      -0.317549        -8.6409 
 146   2.0000      -0.315272        -8.5790 
 147   2.0000      -0.307797        -8.3756 
 148   2.0000      -0.300647        -8.1810 
 149   2.0000      -0.298130        -8.1125 
 150   2.0000      -0.280155        -7.6234 
 151   0.0000       0.079816         2.1719 
 152   0.0000       0.092510         2.5173 
 153   0.0000       0.116925         3.1817 
 154   0.0000       0.130822         3.5599 
 155   0.0000       0.133011         3.6194 
 156   0.0000       0.141028         3.8376 
 157   0.0000       0.149095         4.0571 
 158   0.0000       0.160147         4.3578 
 159   0.0000       0.161333         4.3901 
 160   0.0000       0.164781         4.4839 
 161   0.0000       0.175673         4.7803 
 162   0.0000       0.180610         4.9146 
 163   0.0000       0.182091         4.9550 
 164   0.0000       0.184720         5.0265 
 165   0.0000       0.186058         5.0629 
 166   0.0000       0.187801         5.1103 
 167   0.0000       0.192485         5.2378 
 168   0.0000       0.194353         5.2886 
 169   0.0000       0.203742         5.5441 
 170   0.0000       0.204815         5.5733 
 171   0.0000       0.208948         5.6858 
 172   0.0000       0.212144         5.7727 
 173   0.0000       0.218443         5.9441 
 174   0.0000       0.223390         6.0787 
 175   0.0000       0.225338         6.1318 
 176   0.0000       0.230632         6.2758 
 177   0.0000       0.233061         6.3419 
 178   0.0000       0.233551         6.3552 
 179   0.0000       0.239352         6.5131 
 180   0.0000       0.239865         6.5271 
 181   0.0000       0.240734         6.5507 
 182   0.0000       0.245743         6.6870 
 183   0.0000       0.246294         6.7020 
 184   0.0000       0.247973         6.7477 
 185   0.0000       0.248847         6.7715 
 186   0.0000       0.250129         6.8064 
 187   0.0000       0.252005         6.8574 
 188   0.0000       0.256897         6.9905 
 189   0.0000       0.257358         7.0031 
 190   0.0000       0.260511         7.0889 
 191   0.0000       0.261508         7.1160 
 192   0.0000       0.264212         7.1896 
 193   0.0000       0.265264         7.2182 
 194   0.0000       0.268023         7.2933 
 195   0.0000       0.270668         7.3653 
 196   0.0000       0.272817         7.4237 
 197   0.0000       0.275184         7.4881 
 198   0.0000       0.278198         7.5701 
 199   0.0000       0.279645         7.6095 
 200   0.0000       0.282414         7.6849 
 201   0.0000       0.283811         7.7229 
 202   0.0000       0.284749         7.7484 
 203   0.0000       0.286973         7.8089 
 204   0.0000       0.289017         7.8646 
 205   0.0000       0.292589         7.9617 
 206   0.0000       0.295296         8.0354 
 207   0.0000       0.296184         8.0596 
 208   0.0000       0.300506         8.1772 
 209   0.0000       0.302088         8.2202 
 210   0.0000       0.305497         8.3130 
 211   0.0000       0.307052         8.3553 
 212   0.0000       0.307943         8.3795 
 213   0.0000       0.312593         8.5061 
 214   0.0000       0.313695         8.5361 
 215   0.0000       0.314718         8.5639 
 216   0.0000       0.316578         8.6145 
 217   0.0000       0.318806         8.6752 
 218   0.0000       0.321936         8.7603 
 219   0.0000       0.326702         8.8900 
 220   0.0000       0.328712         8.9447 
 221   0.0000       0.330235         8.9862 
 222   0.0000       0.335755         9.1364 
 223   0.0000       0.336497         9.1566 
 224   0.0000       0.338528         9.2118 
 225   0.0000       0.339018         9.2251 
 226   0.0000       0.345454         9.4003 
 227   0.0000       0.347845         9.4654 
 228   0.0000       0.350571         9.5395 
 229   0.0000       0.353207         9.6113 
 230   0.0000       0.357003         9.7146 
 231   0.0000       0.358444         9.7538 
 232   0.0000       0.365881         9.9561 
 233   0.0000       0.368006        10.0139 
 234   0.0000       0.371444        10.1075 
 235   0.0000       0.375661        10.2223 
 236   0.0000       0.379492        10.3265 
 237   0.0000       0.386767        10.5245 
 238   0.0000       0.394155        10.7255 
 239   0.0000       0.433406        11.7936 
 240   0.0000       0.452207        12.3052 
 241   0.0000       0.455090        12.3836 
 242   0.0000       0.459046        12.4913 
 243   0.0000       0.474555        12.9133 
 244   0.0000       0.484203        13.1758 
 245   0.0000       0.500085        13.6080 
 246   0.0000       0.506882        13.7929 
 247   0.0000       0.534153        14.5350 
 248   0.0000       0.536572        14.6009 
 249   0.0000       0.538961        14.6659 
 250   0.0000       0.544689        14.8217 
 251   0.0000       0.547041        14.8857 
 252   0.0000       0.553669        15.0661 
 253   0.0000       0.556276        15.1370 
 254   0.0000       0.565825        15.3969 
 255   0.0000       0.567952        15.4548 
 256   0.0000       0.569979        15.5099 
 257   0.0000       0.571930        15.5630 
 258   0.0000       0.573569        15.6076 
 259   0.0000       0.576542        15.6885 
 260   0.0000       0.581630        15.8270 
 261   0.0000       0.587249        15.9799 
 262   0.0000       0.593950        16.1622 
 263   0.0000       0.594883        16.1876 
 264   0.0000       0.603967        16.4348 
 265   0.0000       0.608010        16.5448 
 266   0.0000       0.612569        16.6688 
 267   0.0000       0.616664        16.7803 
 268   0.0000       0.624047        16.9812 
 269   0.0000       0.627605        17.0780 
 270   0.0000       0.631216        17.1763 
 271   0.0000       0.634632        17.2692 
 272   0.0000       0.638867        17.3844 
 273   0.0000       0.645976        17.5779 
 274   0.0000       0.648686        17.6516 
 275   0.0000       0.663722        18.0608 
 276   0.0000       0.668371        18.1873 
 277   0.0000       0.674070        18.3424 
 278   0.0000       0.675926        18.3929 
 279   0.0000       0.681407        18.5420 
 280   0.0000       0.682878        18.5821 
 281   0.0000       0.684885        18.6367 
 282   0.0000       0.693840        18.8803 
 283   0.0000       0.703970        19.1560 
 284   0.0000       0.706767        19.2321 
 285   0.0000       0.714484        19.4421 
 286   0.0000       0.714932        19.4543 
 287   0.0000       0.720834        19.6149 
 288   0.0000       0.726123        19.7588 
 289   0.0000       0.731192        19.8967 
 290   0.0000       0.736511        20.0415 
 291   0.0000       0.740410        20.1476 
 292   0.0000       0.746710        20.3190 
 293   0.0000       0.750175        20.4133 
 294   0.0000       0.753954        20.5161 
 295   0.0000       0.757951        20.6249 
 296   0.0000       0.761426        20.7195 
 297   0.0000       0.767773        20.8922 
 298   0.0000       0.771137        20.9837 
 299   0.0000       0.774940        21.0872 
 300   0.0000       0.780820        21.2472 
 301   0.0000       0.784287        21.3415 
 302   0.0000       0.785571        21.3765 
 303   0.0000       0.795532        21.6475 
 304   0.0000       0.801257        21.8033 
 305   0.0000       0.807818        21.9818 
 306   0.0000       0.812513        22.1096 
 307   0.0000       0.820718        22.3329 
 308   0.0000       0.823862        22.4184 
 309   0.0000       0.830521        22.5996 
 310   0.0000       0.831367        22.6226 
 311   0.0000       0.833452        22.6794 
 312   0.0000       0.839572        22.8459 
 313   0.0000       0.845644        23.0111 
 314   0.0000       0.847402        23.0590 
 315   0.0000       0.849754        23.1230 
 316   0.0000       0.851529        23.1713 
 317   0.0000       0.858413        23.3586 
 318   0.0000       0.865091        23.5403 
 319   0.0000       0.867654        23.6101 
 320   0.0000       0.873537        23.7701 
 321   0.0000       0.883047        24.0289 
 322   0.0000       0.888000        24.1637 
 323   0.0000       0.895992        24.3812 
 324   0.0000       0.902079        24.5468 
 325   0.0000       0.911989        24.8165 
 326   0.0000       0.921127        25.0651 
 327   0.0000       0.922620        25.1058 
 328   0.0000       0.941866        25.6295 
 329   0.0000       0.943397        25.6711 
 330   0.0000       0.948300        25.8046 
 331   0.0000       0.955573        26.0025 
 332   0.0000       0.957869        26.0649 
 333   0.0000       0.967526        26.3277 
 334   0.0000       0.975210        26.5368 
 335   0.0000       0.982411        26.7328 
 336   0.0000       0.985410        26.8144 
 337   0.0000       0.991588        26.9825 
 338   0.0000       1.007271        27.4092 
 339   0.0000       1.008357        27.4388 
 340   0.0000       1.012472        27.5508 
 341   0.0000       1.021896        27.8072 
 342   0.0000       1.031784        28.0763 
 343   0.0000       1.036303        28.1992 
 344   0.0000       1.043143        28.3854 
 345   0.0000       1.044794        28.4303 
 346   0.0000       1.052680        28.6449 
 347   0.0000       1.055007        28.7082 
 348   0.0000       1.062075        28.9005 
 349   0.0000       1.063498        28.9393 
 350   0.0000       1.066273        29.0148 
 351   0.0000       1.070898        29.1406 
 352   0.0000       1.072291        29.1785 
 353   0.0000       1.078757        29.3545 
 354   0.0000       1.082694        29.4616 
 355   0.0000       1.085145        29.5283 
 356   0.0000       1.085870        29.5480 
 357   0.0000       1.087548        29.5937 
 358   0.0000       1.089877        29.6571 
 359   0.0000       1.093031        29.7429 
 360   0.0000       1.093139        29.7458 
 361   0.0000       1.095664        29.8145 
 362   0.0000       1.098013        29.8785 
 363   0.0000       1.100942        29.9582 
 364   0.0000       1.101786        29.9811 
 365   0.0000       1.106119        30.0990 
 366   0.0000       1.106885        30.1199 
 367   0.0000       1.112835        30.2818 
 368   0.0000       1.114618        30.3303 
 369   0.0000       1.119217        30.4554 
 370   0.0000       1.119600        30.4659 
 371   0.0000       1.124661        30.6036 
 372   0.0000       1.125727        30.6326 
 373   0.0000       1.130874        30.7726 
 374   0.0000       1.136645        30.9297 
 375   0.0000       1.138199        30.9720 
 376   0.0000       1.140400        31.0319 
 377   0.0000       1.144861        31.1533 
 378   0.0000       1.149929        31.2912 
 379   0.0000       1.151838        31.3431 
 380   0.0000       1.155438        31.4411 
 381   0.0000       1.159568        31.5535 
 382   0.0000       1.161806        31.6143 
 383   0.0000       1.173966        31.9453 
 384   0.0000       1.179034        32.0831 
 385   0.0000       1.183850        32.2142 
 386   0.0000       1.187563        32.3152 
 387   0.0000       1.188286        32.3349 
 388   0.0000       1.192459        32.4485 
 389   0.0000       1.197626        32.5891 
 390   0.0000       1.199987        32.6533 
 391   0.0000       1.203129        32.7388 
 392   0.0000       1.209606        32.9150 
 393   0.0000       1.210375        32.9360 
 394   0.0000       1.217126        33.1197 
 395   0.0000       1.217682        33.1348 
 396   0.0000       1.223896        33.3039 
 397   0.0000       1.230642        33.4875 
 398   0.0000       1.232759        33.5451 
 399   0.0000       1.240553        33.7572 
 400   0.0000       1.245193        33.8834 
 401   0.0000       1.251180        34.0463 
 402   0.0000       1.255399        34.1611 
 403   0.0000       1.260082        34.2886 
 404   0.0000       1.263801        34.3898 
 405   0.0000       1.266375        34.4598 
 406   0.0000       1.277234        34.7553 
 407   0.0000       1.284016        34.9399 
 408   0.0000       1.286513        35.0078 
 409   0.0000       1.295338        35.2479 
 410   0.0000       1.299060        35.3492 
 411   0.0000       1.312248        35.7081 
 412   0.0000       1.317744        35.8576 
 413   0.0000       1.324058        36.0295 
 414   0.0000       1.330860        36.2145 
 415   0.0000       1.334732        36.3199 
 416   0.0000       1.347051        36.6551 
 417   0.0000       1.356599        36.9149 
 418   0.0000       1.364013        37.1167 
 419   0.0000       1.383284        37.6411 
 420   0.0000       1.389477        37.8096 
 421   0.0000       1.396252        37.9940 
 422   0.0000       1.406860        38.2826 
 423   0.0000       1.416194        38.5366 
 424   0.0000       1.419316        38.6216 
 425   0.0000       1.423143        38.7257 
 426   0.0000       1.434717        39.0406 
 427   0.0000       1.452929        39.5362 
 428   0.0000       1.453570        39.5537 
 429   0.0000       1.457434        39.6588 
 430   0.0000       1.475067        40.1386 
 431   0.0000       1.484077        40.3838 
 432   0.0000       1.496444        40.7203 
 433   0.0000       1.504608        40.9425 
 434   0.0000       1.521728        41.4083 
 435   0.0000       1.535878        41.7934 
 436   0.0000       1.540107        41.9084 
 437   0.0000       1.547742        42.1162 
 438   0.0000       1.551899        42.2293 
 439   0.0000       1.557332        42.3772 
 440   0.0000       1.564331        42.5676 
 441   0.0000       1.571347        42.7585 
 442   0.0000       1.576735        42.9051 
 443   0.0000       1.591484        43.3065 
 444   0.0000       1.600061        43.5399 
 445   0.0000       1.602282        43.6003 
 446   0.0000       1.607617        43.7455 
 447   0.0000       1.614181        43.9241 
 448   0.0000       1.625623        44.2355 
 449   0.0000       1.632587        44.4250 
 450   0.0000       1.641466        44.6665 
 451   0.0000       1.648270        44.8517 
 452   0.0000       1.661007        45.1983 
 453   0.0000       1.665555        45.3220 
 454   0.0000       1.681537        45.7569 
 455   0.0000       1.690950        46.0131 
 456   0.0000       1.710293        46.5394 
 457   0.0000       1.719783        46.7977 
 458   0.0000       1.726363        46.9767 
 459   0.0000       1.731625        47.1199 
 460   0.0000       1.749039        47.5938 
 461   0.0000       1.753069        47.7034 
 462   0.0000       1.768427        48.1213 
 463   0.0000       1.775211        48.3059 
 464   0.0000       1.797175        48.9036 
 465   0.0000       1.798990        48.9530 
 466   0.0000       1.804086        49.0917 
 467   0.0000       1.810398        49.2634 
 468   0.0000       1.812074        49.3090 
 469   0.0000       1.821457        49.5644 
 470   0.0000       1.827561        49.7305 
 471   0.0000       1.836510        49.9740 
 472   0.0000       1.838306        50.0228 
 473   0.0000       1.847907        50.2841 
 474   0.0000       1.852486        50.4087 
 475   0.0000       1.862092        50.6701 
 476   0.0000       1.871823        50.9349 
 477   0.0000       1.880159        51.1617 
 478   0.0000       1.882595        51.2280 
 479   0.0000       1.886572        51.3362 
 480   0.0000       1.891822        51.4791 
 481   0.0000       1.896289        51.6006 
 482   0.0000       1.900334        51.7107 
 483   0.0000       1.905533        51.8522 
 484   0.0000       1.909763        51.9673 
 485   0.0000       1.913973        52.0819 
 486   0.0000       1.917472        52.1771 
 487   0.0000       1.920359        52.2556 
 488   0.0000       1.925618        52.3987 
 489   0.0000       1.928343        52.4729 
 490   0.0000       1.932402        52.5833 
 491   0.0000       1.937753        52.7289 
 492   0.0000       1.946533        52.9679 
 493   0.0000       1.949499        53.0486 
 494   0.0000       1.952989        53.1435 
 495   0.0000       1.956721        53.2451 
 496   0.0000       1.960738        53.3544 
 497   0.0000       1.970287        53.6142 
 498   0.0000       1.976682        53.7883 
 499   0.0000       1.980611        53.8952 
 500   0.0000       2.002596        54.4934 
 501   0.0000       2.005430        54.5705 
 502   0.0000       2.007672        54.6315 
 503   0.0000       2.012761        54.7700 
 504   0.0000       2.016034        54.8591 
 505   0.0000       2.025540        55.1178 
 506   0.0000       2.031443        55.2784 
 507   0.0000       2.035345        55.3845 
 508   0.0000       2.045990        55.6742 
 509   0.0000       2.059788        56.0497 
 510   0.0000       2.062657        56.1277 
 511   0.0000       2.065552        56.2065 
 512   0.0000       2.075828        56.4862 
 513   0.0000       2.081281        56.6345 
 514   0.0000       2.085814        56.7579 
 515   0.0000       2.090505        56.8855 
 516   0.0000       2.095877        57.0317 
 517   0.0000       2.104295        57.2608 
 518   0.0000       2.116235        57.5857 
 519   0.0000       2.117315        57.6151 
 520   0.0000       2.131491        58.0008 
 521   0.0000       2.134184        58.0741 
 522   0.0000       2.143970        58.3404 
 523   0.0000       2.146564        58.4110 
 524   0.0000       2.154215        58.6192 
 525   0.0000       2.158246        58.7289 
 526   0.0000       2.166204        58.9454 
 527   0.0000       2.170502        59.0624 
 528   0.0000       2.179938        59.3191 
 529   0.0000       2.188311        59.5470 
 530   0.0000       2.192206        59.6530 
 531   0.0000       2.200982        59.8918 
 532   0.0000       2.206318        60.0370 
 533   0.0000       2.216904        60.3250 
 534   0.0000       2.220483        60.4224 
 535   0.0000       2.231175        60.7134 
 536   0.0000       2.232520        60.7500 
 537   0.0000       2.239490        60.9396 
 538   0.0000       2.256368        61.3989 
 539   0.0000       2.257751        61.4365 
 540   0.0000       2.260556        61.5129 
 541   0.0000       2.265034        61.6347 
 542   0.0000       2.269863        61.7661 
 543   0.0000       2.278324        61.9963 
 544   0.0000       2.288700        62.2787 
 545   0.0000       2.301753        62.6339 
 546   0.0000       2.305333        62.7313 
 547   0.0000       2.309842        62.8540 
 548   0.0000       2.315880        63.0183 
 549   0.0000       2.317489        63.0621 
 550   0.0000       2.329431        63.3870 
 551   0.0000       2.332531        63.4714 
 552   0.0000       2.340249        63.6814 
 553   0.0000       2.343184        63.7613 
 554   0.0000       2.360236        64.2253 
 555   0.0000       2.369033        64.4647 
 556   0.0000       2.369884        64.4878 
 557   0.0000       2.375077        64.6291 
 558   0.0000       2.384822        64.8943 
 559   0.0000       2.396950        65.2243 
 560   0.0000       2.400638        65.3247 
 561   0.0000       2.414124        65.6916 
 562   0.0000       2.430164        66.1281 
 563   0.0000       2.436428        66.2986 
 564   0.0000       2.445177        66.5366 
 565   0.0000       2.458940        66.9112 
 566   0.0000       2.492848        67.8338 
 567   0.0000       2.509121        68.2766 
 568   0.0000       2.515607        68.4532 
 569   0.0000       2.521268        68.6072 
 570   0.0000       2.523436        68.6662 
 571   0.0000       2.528863        68.8139 
 572   0.0000       2.536300        69.0162 
 573   0.0000       2.542600        69.1877 
 574   0.0000       2.544112        69.2288 
 575   0.0000       2.552773        69.4645 
 576   0.0000       2.556605        69.5688 
 577   0.0000       2.559867        69.6575 
 578   0.0000       2.561615        69.7051 
 579   0.0000       2.565944        69.8229 
 580   0.0000       2.567998        69.8788 
 581   0.0000       2.572161        69.9921 
 582   0.0000       2.579638        70.1955 
 583   0.0000       2.585887        70.3656 
 584   0.0000       2.591424        70.5162 
 585   0.0000       2.594887        70.6105 
 586   0.0000       2.600587        70.7656 
 587   0.0000       2.605013        70.8860 
 588   0.0000       2.619023        71.2673 
 589   0.0000       2.620728        71.3136 
 590   0.0000       2.624780        71.4239 
 591   0.0000       2.633573        71.6632 
 592   0.0000       2.647262        72.0357 
 593   0.0000       2.656990        72.3004 
 594   0.0000       2.661108        72.4124 
 595   0.0000       2.674654        72.7810 
 596   0.0000       2.685102        73.0654 
 597   0.0000       2.696067        73.3637 
 598   0.0000       2.701881        73.5219 
 599   0.0000       2.708187        73.6935 
 600   0.0000       2.716528        73.9205 
 601   0.0000       2.718863        73.9840 
 602   0.0000       2.722508        74.0832 
 603   0.0000       2.740815        74.5814 
 604   0.0000       2.742318        74.6223 
 605   0.0000       2.748466        74.7895 
 606   0.0000       2.755488        74.9806 
 607   0.0000       2.772663        75.4480 
 608   0.0000       2.777874        75.5898 
 609   0.0000       2.784494        75.7699 
 610   0.0000       2.788175        75.8701 
 611   0.0000       2.800446        76.2040 
 612   0.0000       2.809759        76.4574 
 613   0.0000       2.813178        76.5505 
 614   0.0000       2.824331        76.8540 
 615   0.0000       2.825466        76.8848 
 616   0.0000       2.828355        76.9635 
 617   0.0000       2.832256        77.0696 
 618   0.0000       2.836380        77.1818 
 619   0.0000       2.841883        77.3316 
 620   0.0000       2.845758        77.4370 
 621   0.0000       2.849811        77.5473 
 622   0.0000       2.861476        77.8647 
 623   0.0000       2.863988        77.9331 
 624   0.0000       2.869291        78.0774 
 625   0.0000       2.881911        78.4208 
 626   0.0000       2.895655        78.7948 
 627   0.0000       2.898978        78.8852 
 628   0.0000       2.905025        79.0497 
 629   0.0000       2.911220        79.2183 
 630   0.0000       2.925499        79.6069 
 631   0.0000       2.932412        79.7950 
 632   0.0000       2.939465        79.9869 
 633   0.0000       2.961811        80.5950 
 634   0.0000       2.983008        81.1718 
 635   0.0000       2.986060        81.2548 
 636   0.0000       3.005947        81.7960 
 637   0.0000       3.014923        82.0402 
 638   0.0000       3.091156        84.1146 
 639   0.0000       3.100297        84.3634 
 640   0.0000       3.113395        84.7198 
 641   0.0000       3.116592        84.8068 
 642   0.0000       3.155707        85.8712 
 643   0.0000       3.165057        86.1256 
 644   0.0000       3.292522        89.5941 
 645   0.0000       3.306579        89.9766 
 646   0.0000       3.334284        90.7305 
 647   0.0000       3.342437        90.9523 
 648   0.0000       3.399597        92.5077 
 649   0.0000       3.401720        92.5655 

                    ********************************
