   0   2.0000     -19.228186      -523.2255 
   1   2.0000     -19.225903      -523.1634 
   2   2.0000     -19.172872      -521.7204 
   3   2.0000     -19.171666      -521.6876 
   4   2.0000     -19.170684      -521.6608 
   5   2.0000     -19.167845      -521.5836 
   6   2.0000     -14.431460      -392.7000 
   7   2.0000     -14.422693      -392.4614 
   8   2.0000     -14.397835      -391.7850 
   9   2.0000     -14.394702      -391.6998 
  10   2.0000     -10.385689      -282.6090 
  11   2.0000     -10.385536      -282.6048 
  12   2.0000     -10.348127      -281.5868 
  13   2.0000     -10.345817      -281.5240 
  14   2.0000     -10.301854      -280.3277 
  15   2.0000     -10.300125      -280.2807 
  16   2.0000     -10.282938      -279.8130 
  17   2.0000     -10.280161      -279.7374 
  18   2.0000     -10.274735      -279.5897 
  19   2.0000     -10.269135      -279.4374 
  20   2.0000     -10.262529      -279.2576 
  21   2.0000     -10.259085      -279.1639 
  22   2.0000     -10.257239      -279.1137 
  23   2.0000     -10.257013      -279.1075 
  24   2.0000     -10.233958      -278.4802 
  25   2.0000     -10.230694      -278.3913 
  26   2.0000     -10.223069      -278.1839 
  27   2.0000     -10.219519      -278.0872 
  28   2.0000     -10.212597      -277.8989 
  29   2.0000     -10.190788      -277.3054 
  30   2.0000     -10.189371      -277.2669 
  31   2.0000     -10.185817      -277.1702 
  32   2.0000     -10.185647      -277.1655 
  33   2.0000     -10.185499      -277.1615 
  34   2.0000     -10.185308      -277.1563 
  35   2.0000     -10.183641      -277.1109 
  36   2.0000     -10.181996      -277.0662 
  37   2.0000     -10.179473      -276.9975 
  38   2.0000     -10.176371      -276.9131 
  39   2.0000      -1.169183       -31.8151 
  40   2.0000      -1.167347       -31.7651 
  41   2.0000      -1.113207       -30.2919 
  42   2.0000      -1.110735       -30.2246 
  43   2.0000      -1.075954       -29.2782 
  44   2.0000      -1.073106       -29.2007 
  45   2.0000      -1.035915       -28.1887 
  46   2.0000      -1.016660       -27.6647 
  47   2.0000      -1.014363       -27.6022 
  48   2.0000      -1.009745       -27.4766 
  49   2.0000      -0.923933       -25.1415 
  50   2.0000      -0.918374       -24.9902 
  51   2.0000      -0.912807       -24.8387 
  52   2.0000      -0.904054       -24.6006 
  53   2.0000      -0.900488       -24.5035 
  54   2.0000      -0.899920       -24.4881 
  55   2.0000      -0.847976       -23.0746 
  56   2.0000      -0.844585       -22.9823 
  57   2.0000      -0.822201       -22.3732 
  58   2.0000      -0.803840       -21.8736 
  59   2.0000      -0.801050       -21.7977 
  60   2.0000      -0.799840       -21.7647 
  61   2.0000      -0.799532       -21.7564 
  62   2.0000      -0.798348       -21.7242 
  63   2.0000      -0.791935       -21.5497 
  64   2.0000      -0.787782       -21.4366 
  65   2.0000      -0.783874       -21.3303 
  66   2.0000      -0.750096       -20.4112 
  67   2.0000      -0.747440       -20.3389 
  68   2.0000      -0.723182       -19.6788 
  69   2.0000      -0.709476       -19.3058 
  70   2.0000      -0.702616       -19.1192 
  71   2.0000      -0.676995       -18.4220 
  72   2.0000      -0.669247       -18.2111 
  73   2.0000      -0.665346       -18.1050 
  74   2.0000      -0.650097       -17.6900 
  75   2.0000      -0.648292       -17.6409 
  76   2.0000      -0.646721       -17.5982 
  77   2.0000      -0.628565       -17.1041 
  78   2.0000      -0.595306       -16.1991 
  79   2.0000      -0.590089       -16.0571 
  80   2.0000      -0.587063       -15.9748 
  81   2.0000      -0.581741       -15.8300 
  82   2.0000      -0.576058       -15.6753 
  83   2.0000      -0.570547       -15.5254 
  84   2.0000      -0.565181       -15.3793 
  85   2.0000      -0.556806       -15.1515 
  86   2.0000      -0.551876       -15.0173 
  87   2.0000      -0.551109       -14.9964 
  88   2.0000      -0.548865       -14.9354 
  89   2.0000      -0.544425       -14.8146 
  90   2.0000      -0.541676       -14.7398 
  91   2.0000      -0.541052       -14.7228 
  92   2.0000      -0.535381       -14.5685 
  93   2.0000      -0.533702       -14.5228 
  94   2.0000      -0.530116       -14.4252 
  95   2.0000      -0.524206       -14.2644 
  96   2.0000      -0.520745       -14.1702 
  97   2.0000      -0.518324       -14.1043 
  98   2.0000      -0.515643       -14.0314 
  99   2.0000      -0.514553       -14.0017 
 100   2.0000      -0.510187       -13.8829 
 101   2.0000      -0.508403       -13.8343 
 102   2.0000      -0.503393       -13.6980 
 103   2.0000      -0.497262       -13.5312 
 104   2.0000      -0.494603       -13.4588 
 105   2.0000      -0.486703       -13.2438 
 106   2.0000      -0.483433       -13.1549 
 107   2.0000      -0.481448       -13.1009 
 108   2.0000      -0.479234       -13.0406 
 109   2.0000      -0.478183       -13.0120 
 110   2.0000      -0.476854       -12.9759 
 111   2.0000      -0.474458       -12.9107 
 112   2.0000      -0.470853       -12.8125 
 113   2.0000      -0.468379       -12.7453 
 114   2.0000      -0.467339       -12.7169 
 115   2.0000      -0.461046       -12.5457 
 116   2.0000      -0.460392       -12.5279 
 117   2.0000      -0.458055       -12.4643 
 118   2.0000      -0.452944       -12.3252 
 119   2.0000      -0.451719       -12.2919 
 120   2.0000      -0.450702       -12.2642 
 121   2.0000      -0.448522       -12.2049 
 122   2.0000      -0.446300       -12.1444 
 123   2.0000      -0.436956       -11.8902 
 124   2.0000      -0.430907       -11.7256 
 125   2.0000      -0.426878       -11.6159 
 126   2.0000      -0.416371       -11.3300 
 127   2.0000      -0.413438       -11.2502 
 128   2.0000      -0.413115       -11.2414 
 129   2.0000      -0.410754       -11.1772 
 130   2.0000      -0.409354       -11.1391 
 131   2.0000      -0.402561       -10.9542 
 132   2.0000      -0.398501       -10.8438 
 133   2.0000      -0.392825       -10.6893 
 134   2.0000      -0.390066       -10.6142 
 135   2.0000      -0.386536       -10.5182 
 136   2.0000      -0.385356       -10.4861 
 137   2.0000      -0.382457       -10.4072 
 138   2.0000      -0.381217       -10.3734 
 139   2.0000      -0.378410       -10.2970 
 140   2.0000      -0.373247       -10.1566 
 141   2.0000      -0.339935        -9.2501 
 142   2.0000      -0.337728        -9.1901 
 143   2.0000      -0.321853        -8.7581 
 144   2.0000      -0.320100        -8.7104 
 145   2.0000      -0.317528        -8.6404 
 146   2.0000      -0.315256        -8.5786 
 147   2.0000      -0.307768        -8.3748 
 148   2.0000      -0.300630        -8.1806 
 149   2.0000      -0.298112        -8.1120 
 150   2.0000      -0.280157        -7.6235 
 151   0.0000       0.079799         2.1715 
 152   0.0000       0.092491         2.5168 
 153   0.0000       0.116919         3.1815 
 154   0.0000       0.130814         3.5596 
 155   0.0000       0.133004         3.6192 
 156   0.0000       0.141024         3.8375 
 157   0.0000       0.149095         4.0571 
 158   0.0000       0.160143         4.3577 
 159   0.0000       0.161330         4.3900 
 160   0.0000       0.164776         4.4838 
 161   0.0000       0.175670         4.7802 
 162   0.0000       0.180604         4.9145 
 163   0.0000       0.182091         4.9549 
 164   0.0000       0.184715         5.0263 
 165   0.0000       0.186051         5.0627 
 166   0.0000       0.187794         5.1101 
 167   0.0000       0.192480         5.2377 
 168   0.0000       0.194347         5.2885 
 169   0.0000       0.203739         5.5440 
 170   0.0000       0.204811         5.5732 
 171   0.0000       0.208944         5.6857 
 172   0.0000       0.212138         5.7726 
 173   0.0000       0.218446         5.9442 
 174   0.0000       0.223384         6.0786 
 175   0.0000       0.225331         6.1316 
 176   0.0000       0.230626         6.2757 
 177   0.0000       0.233056         6.3418 
 178   0.0000       0.233545         6.3551 
 179   0.0000       0.239347         6.5130 
 180   0.0000       0.239862         6.5270 
 181   0.0000       0.240729         6.5506 
 182   0.0000       0.245736         6.6868 
 183   0.0000       0.246288         6.7019 
 184   0.0000       0.247970         6.7476 
 185   0.0000       0.248842         6.7713 
 186   0.0000       0.250126         6.8063 
 187   0.0000       0.251998         6.8572 
 188   0.0000       0.256892         6.9904 
 189   0.0000       0.257353         7.0029 
 190   0.0000       0.260506         7.0887 
 191   0.0000       0.261503         7.1159 
 192   0.0000       0.264208         7.1895 
 193   0.0000       0.265261         7.2181 
 194   0.0000       0.268018         7.2931 
 195   0.0000       0.270663         7.3651 
 196   0.0000       0.272811         7.4236 
 197   0.0000       0.275178         7.4880 
 198   0.0000       0.278194         7.5700 
 199   0.0000       0.279638         7.6093 
 200   0.0000       0.282410         7.6848 
 201   0.0000       0.283805         7.7227 
 202   0.0000       0.284741         7.7482 
 203   0.0000       0.286966         7.8087 
 204   0.0000       0.289013         7.8645 
 205   0.0000       0.292583         7.9616 
 206   0.0000       0.295290         8.0353 
 207   0.0000       0.296179         8.0594 
 208   0.0000       0.300499         8.1770 
 209   0.0000       0.302083         8.2201 
 210   0.0000       0.305493         8.3129 
 211   0.0000       0.307047         8.3552 
 212   0.0000       0.307935         8.3793 
 213   0.0000       0.312588         8.5059 
 214   0.0000       0.313693         8.5360 
 215   0.0000       0.314712         8.5637 
 216   0.0000       0.316574         8.6144 
 217   0.0000       0.318801         8.6750 
 218   0.0000       0.321931         8.7602 
 219   0.0000       0.326696         8.8898 
 220   0.0000       0.328705         8.9445 
 221   0.0000       0.330227         8.9859 
 222   0.0000       0.335744         9.1361 
 223   0.0000       0.336490         9.1564 
 224   0.0000       0.338523         9.2117 
 225   0.0000       0.339011         9.2249 
 226   0.0000       0.345446         9.4001 
 227   0.0000       0.347840         9.4652 
 228   0.0000       0.350563         9.5393 
 229   0.0000       0.353198         9.6110 
 230   0.0000       0.356993         9.7143 
 231   0.0000       0.358435         9.7535 
 232   0.0000       0.365874         9.9559 
 233   0.0000       0.368000        10.0138 
 234   0.0000       0.371432        10.1072 
 235   0.0000       0.375650        10.2220 
 236   0.0000       0.379484        10.3263 
 237   0.0000       0.386760        10.5243 
 238   0.0000       0.394147        10.7253 
 239   0.0000       0.433395        11.7933 
 240   0.0000       0.452196        12.3049 
 241   0.0000       0.455081        12.3834 
 242   0.0000       0.459035        12.4910 
 243   0.0000       0.474549        12.9131 
 244   0.0000       0.484195        13.1756 
 245   0.0000       0.500079        13.6078 
 246   0.0000       0.506874        13.7927 
 247   0.0000       0.534142        14.5347 
 248   0.0000       0.536562        14.6006 
 249   0.0000       0.538950        14.6656 
 250   0.0000       0.544680        14.8215 
 251   0.0000       0.547030        14.8855 
 252   0.0000       0.553662        15.0659 
 253   0.0000       0.556269        15.1369 
 254   0.0000       0.565816        15.3966 
 255   0.0000       0.567940        15.4544 
 256   0.0000       0.569970        15.5097 
 257   0.0000       0.571923        15.5628 
 258   0.0000       0.573557        15.6073 
 259   0.0000       0.576533        15.6882 
 260   0.0000       0.581620        15.8267 
 261   0.0000       0.587238        15.9796 
 262   0.0000       0.593937        16.1618 
 263   0.0000       0.594872        16.1873 
 264   0.0000       0.603956        16.4345 
 265   0.0000       0.608003        16.5446 
 266   0.0000       0.612560        16.6686 
 267   0.0000       0.616658        16.7801 
 268   0.0000       0.624039        16.9810 
 269   0.0000       0.627600        17.0779 
 270   0.0000       0.631205        17.1760 
 271   0.0000       0.634625        17.2690 
 272   0.0000       0.638860        17.3843 
 273   0.0000       0.645970        17.5777 
 274   0.0000       0.648676        17.6514 
 275   0.0000       0.663714        18.0606 
 276   0.0000       0.668361        18.1870 
 277   0.0000       0.674059        18.3421 
 278   0.0000       0.675917        18.3926 
 279   0.0000       0.681398        18.5418 
 280   0.0000       0.682868        18.5818 
 281   0.0000       0.684873        18.6364 
 282   0.0000       0.693832        18.8801 
 283   0.0000       0.703960        19.1557 
 284   0.0000       0.706757        19.2318 
 285   0.0000       0.714477        19.4419 
 286   0.0000       0.714921        19.4540 
 287   0.0000       0.720823        19.6146 
 288   0.0000       0.726114        19.7586 
 289   0.0000       0.731182        19.8965 
 290   0.0000       0.736509        20.0414 
 291   0.0000       0.740403        20.1474 
 292   0.0000       0.746702        20.3188 
 293   0.0000       0.750168        20.4131 
 294   0.0000       0.753946        20.5159 
 295   0.0000       0.757941        20.6246 
 296   0.0000       0.761420        20.7193 
 297   0.0000       0.767765        20.8919 
 298   0.0000       0.771124        20.9834 
 299   0.0000       0.774932        21.0870 
 300   0.0000       0.780811        21.2469 
 301   0.0000       0.784278        21.3413 
 302   0.0000       0.785565        21.3763 
 303   0.0000       0.795526        21.6474 
 304   0.0000       0.801251        21.8031 
 305   0.0000       0.807811        21.9817 
 306   0.0000       0.812505        22.1094 
 307   0.0000       0.820708        22.3326 
 308   0.0000       0.823858        22.4183 
 309   0.0000       0.830513        22.5994 
 310   0.0000       0.831352        22.6222 
 311   0.0000       0.833440        22.6791 
 312   0.0000       0.839565        22.8457 
 313   0.0000       0.845634        23.0109 
 314   0.0000       0.847391        23.0587 
 315   0.0000       0.849752        23.1229 
 316   0.0000       0.851522        23.1711 
 317   0.0000       0.858402        23.3583 
 318   0.0000       0.865083        23.5401 
 319   0.0000       0.867646        23.6098 
 320   0.0000       0.873529        23.7699 
 321   0.0000       0.883039        24.0287 
 322   0.0000       0.887995        24.1636 
 323   0.0000       0.895986        24.3810 
 324   0.0000       0.902077        24.5468 
 325   0.0000       0.911986        24.8164 
 326   0.0000       0.921131        25.0652 
 327   0.0000       0.922616        25.1057 
 328   0.0000       0.941863        25.6294 
 329   0.0000       0.943405        25.6714 
 330   0.0000       0.948293        25.8044 
 331   0.0000       0.955577        26.0026 
 332   0.0000       0.957864        26.0648 
 333   0.0000       0.967526        26.3277 
 334   0.0000       0.975206        26.5367 
 335   0.0000       0.982403        26.7325 
 336   0.0000       0.985405        26.8142 
 337   0.0000       0.991586        26.9824 
 338   0.0000       1.007269        27.4092 
 339   0.0000       1.008354        27.4387 
 340   0.0000       1.012471        27.5507 
 341   0.0000       1.021892        27.8071 
 342   0.0000       1.031779        28.0761 
 343   0.0000       1.036303        28.1992 
 344   0.0000       1.043145        28.3854 
 345   0.0000       1.044788        28.4301 
 346   0.0000       1.052678        28.6448 
 347   0.0000       1.055003        28.7081 
 348   0.0000       1.062070        28.9004 
 349   0.0000       1.063498        28.9392 
 350   0.0000       1.066272        29.0147 
 351   0.0000       1.070893        29.1405 
 352   0.0000       1.072286        29.1784 
 353   0.0000       1.078751        29.3543 
 354   0.0000       1.082692        29.4615 
 355   0.0000       1.085143        29.5282 
 356   0.0000       1.085862        29.5478 
 357   0.0000       1.087545        29.5936 
 358   0.0000       1.089866        29.6568 
 359   0.0000       1.093025        29.7427 
 360   0.0000       1.093131        29.7456 
 361   0.0000       1.095656        29.8143 
 362   0.0000       1.098012        29.8784 
 363   0.0000       1.100938        29.9581 
 364   0.0000       1.101781        29.9810 
 365   0.0000       1.106121        30.0991 
 366   0.0000       1.106877        30.1197 
 367   0.0000       1.112830        30.2817 
 368   0.0000       1.114613        30.3302 
 369   0.0000       1.119213        30.4553 
 370   0.0000       1.119595        30.4657 
 371   0.0000       1.124657        30.6035 
 372   0.0000       1.125725        30.6325 
 373   0.0000       1.130876        30.7727 
 374   0.0000       1.136655        30.9299 
 375   0.0000       1.138198        30.9719 
 376   0.0000       1.140401        31.0319 
 377   0.0000       1.144860        31.1532 
 378   0.0000       1.149930        31.2912 
 379   0.0000       1.151833        31.3430 
 380   0.0000       1.155433        31.4409 
 381   0.0000       1.159565        31.5534 
 382   0.0000       1.161804        31.6143 
 383   0.0000       1.173968        31.9453 
 384   0.0000       1.179031        32.0831 
 385   0.0000       1.183852        32.2142 
 386   0.0000       1.187561        32.3152 
 387   0.0000       1.188285        32.3349 
 388   0.0000       1.192454        32.4483 
 389   0.0000       1.197623        32.5890 
 390   0.0000       1.199984        32.6532 
 391   0.0000       1.203128        32.7388 
 392   0.0000       1.209602        32.9149 
 393   0.0000       1.210370        32.9358 
 394   0.0000       1.217120        33.1195 
 395   0.0000       1.217677        33.1347 
 396   0.0000       1.223894        33.3039 
 397   0.0000       1.230636        33.4873 
 398   0.0000       1.232754        33.5449 
 399   0.0000       1.240551        33.7571 
 400   0.0000       1.245188        33.8833 
 401   0.0000       1.251176        34.0462 
 402   0.0000       1.255394        34.1610 
 403   0.0000       1.260076        34.2884 
 404   0.0000       1.263795        34.3896 
 405   0.0000       1.266370        34.4597 
 406   0.0000       1.277229        34.7552 
 407   0.0000       1.284013        34.9398 
 408   0.0000       1.286507        35.0076 
 409   0.0000       1.295334        35.2478 
 410   0.0000       1.299056        35.3491 
 411   0.0000       1.312243        35.7079 
 412   0.0000       1.317744        35.8576 
 413   0.0000       1.324054        36.0293 
 414   0.0000       1.330861        36.2146 
 415   0.0000       1.334727        36.3198 
 416   0.0000       1.347050        36.6551 
 417   0.0000       1.356593        36.9148 
 418   0.0000       1.364010        37.1166 
 419   0.0000       1.383285        37.6411 
 420   0.0000       1.389469        37.8094 
 421   0.0000       1.396250        37.9939 
 422   0.0000       1.406854        38.2825 
 423   0.0000       1.416191        38.5365 
 424   0.0000       1.419308        38.6213 
 425   0.0000       1.423138        38.7256 
 426   0.0000       1.434707        39.0404 
 427   0.0000       1.452920        39.5360 
 428   0.0000       1.453563        39.5535 
 429   0.0000       1.457428        39.6586 
 430   0.0000       1.475063        40.1385 
 431   0.0000       1.484068        40.3835 
 432   0.0000       1.496437        40.7201 
 433   0.0000       1.504598        40.9422 
 434   0.0000       1.521724        41.4082 
 435   0.0000       1.535869        41.7931 
 436   0.0000       1.540099        41.9082 
 437   0.0000       1.547734        42.1160 
 438   0.0000       1.551891        42.2291 
 439   0.0000       1.557326        42.3770 
 440   0.0000       1.564324        42.5674 
 441   0.0000       1.571339        42.7583 
 442   0.0000       1.576728        42.9050 
 443   0.0000       1.591479        43.3063 
 444   0.0000       1.600056        43.5397 
 445   0.0000       1.602273        43.6001 
 446   0.0000       1.607609        43.7453 
 447   0.0000       1.614172        43.9238 
 448   0.0000       1.625614        44.2352 
 449   0.0000       1.632582        44.4248 
 450   0.0000       1.641459        44.6664 
 451   0.0000       1.648261        44.8515 
 452   0.0000       1.661000        45.1981 
 453   0.0000       1.665549        45.3219 
 454   0.0000       1.681535        45.7569 
 455   0.0000       1.690947        46.0130 
 456   0.0000       1.710289        46.5393 
 457   0.0000       1.719779        46.7976 
 458   0.0000       1.726360        46.9766 
 459   0.0000       1.731623        47.1198 
 460   0.0000       1.749034        47.5936 
 461   0.0000       1.753056        47.7031 
 462   0.0000       1.768419        48.1211 
 463   0.0000       1.775202        48.3057 
 464   0.0000       1.797169        48.9035 
 465   0.0000       1.798974        48.9526 
 466   0.0000       1.804077        49.0914 
 467   0.0000       1.810388        49.2632 
 468   0.0000       1.812065        49.3088 
 469   0.0000       1.821450        49.5642 
 470   0.0000       1.827557        49.7304 
 471   0.0000       1.836506        49.9739 
 472   0.0000       1.838300        50.0227 
 473   0.0000       1.847902        50.2840 
 474   0.0000       1.852483        50.4086 
 475   0.0000       1.862086        50.6699 
 476   0.0000       1.871820        50.9348 
 477   0.0000       1.880156        51.1617 
 478   0.0000       1.882589        51.2278 
 479   0.0000       1.886565        51.3361 
 480   0.0000       1.891819        51.4790 
 481   0.0000       1.896286        51.6006 
 482   0.0000       1.900332        51.7107 
 483   0.0000       1.905529        51.8521 
 484   0.0000       1.909758        51.9672 
 485   0.0000       1.913970        52.0818 
 486   0.0000       1.917469        52.1770 
 487   0.0000       1.920356        52.2555 
 488   0.0000       1.925612        52.3986 
 489   0.0000       1.928340        52.4728 
 490   0.0000       1.932400        52.5833 
 491   0.0000       1.937749        52.7288 
 492   0.0000       1.946526        52.9677 
 493   0.0000       1.949493        53.0484 
 494   0.0000       1.952987        53.1435 
 495   0.0000       1.956715        53.2449 
 496   0.0000       1.960738        53.3544 
 497   0.0000       1.970283        53.6141 
 498   0.0000       1.976675        53.7881 
 499   0.0000       1.980604        53.8950 
 500   0.0000       2.002590        54.4932 
 501   0.0000       2.005427        54.5704 
 502   0.0000       2.007664        54.6313 
 503   0.0000       2.012747        54.7696 
 504   0.0000       2.016023        54.8588 
 505   0.0000       2.025535        55.1176 
 506   0.0000       2.031434        55.2781 
 507   0.0000       2.035340        55.3844 
 508   0.0000       2.045987        55.6741 
 509   0.0000       2.059781        56.0495 
 510   0.0000       2.062654        56.1277 
 511   0.0000       2.065548        56.2064 
 512   0.0000       2.075826        56.4861 
 513   0.0000       2.081278        56.6344 
 514   0.0000       2.085808        56.7577 
 515   0.0000       2.090498        56.8853 
 516   0.0000       2.095869        57.0315 
 517   0.0000       2.104293        57.2607 
 518   0.0000       2.116231        57.5856 
 519   0.0000       2.117313        57.6150 
 520   0.0000       2.131488        58.0007 
 521   0.0000       2.134184        58.0741 
 522   0.0000       2.143968        58.3403 
 523   0.0000       2.146559        58.4108 
 524   0.0000       2.154206        58.6189 
 525   0.0000       2.158239        58.7287 
 526   0.0000       2.166201        58.9453 
 527   0.0000       2.170494        59.0622 
 528   0.0000       2.179931        59.3189 
 529   0.0000       2.188303        59.5467 
 530   0.0000       2.192200        59.6528 
 531   0.0000       2.200973        59.8915 
 532   0.0000       2.206312        60.0368 
 533   0.0000       2.216896        60.3248 
 534   0.0000       2.220475        60.4222 
 535   0.0000       2.231164        60.7131 
 536   0.0000       2.232509        60.7497 
 537   0.0000       2.239483        60.9394 
 538   0.0000       2.256362        61.3987 
 539   0.0000       2.257742        61.4363 
 540   0.0000       2.260548        61.5126 
 541   0.0000       2.265030        61.6346 
 542   0.0000       2.269854        61.7659 
 543   0.0000       2.278314        61.9961 
 544   0.0000       2.288692        62.2785 
 545   0.0000       2.301744        62.6336 
 546   0.0000       2.305325        62.7311 
 547   0.0000       2.309834        62.8538 
 548   0.0000       2.315875        63.0182 
 549   0.0000       2.317482        63.0619 
 550   0.0000       2.329423        63.3868 
 551   0.0000       2.332520        63.4711 
 552   0.0000       2.340242        63.6812 
 553   0.0000       2.343175        63.7610 
 554   0.0000       2.360228        64.2251 
 555   0.0000       2.369024        64.4644 
 556   0.0000       2.369877        64.4876 
 557   0.0000       2.375068        64.6289 
 558   0.0000       2.384821        64.8943 
 559   0.0000       2.396938        65.2240 
 560   0.0000       2.400626        65.3244 
 561   0.0000       2.414115        65.6914 
 562   0.0000       2.430155        66.1279 
 563   0.0000       2.436417        66.2983 
 564   0.0000       2.445165        66.5363 
 565   0.0000       2.458935        66.9110 
 566   0.0000       2.492837        67.8335 
 567   0.0000       2.509107        68.2763 
 568   0.0000       2.515597        68.4529 
 569   0.0000       2.521259        68.6069 
 570   0.0000       2.523427        68.6659 
 571   0.0000       2.528852        68.8136 
 572   0.0000       2.536292        69.0160 
 573   0.0000       2.542592        69.1874 
 574   0.0000       2.544101        69.2285 
 575   0.0000       2.552764        69.4642 
 576   0.0000       2.556593        69.5684 
 577   0.0000       2.559858        69.6573 
 578   0.0000       2.561605        69.7048 
 579   0.0000       2.565929        69.8225 
 580   0.0000       2.567985        69.8784 
 581   0.0000       2.572154        69.9919 
 582   0.0000       2.579628        70.1952 
 583   0.0000       2.585877        70.3653 
 584   0.0000       2.591416        70.5160 
 585   0.0000       2.594878        70.6102 
 586   0.0000       2.600576        70.7653 
 587   0.0000       2.605006        70.8858 
 588   0.0000       2.619017        71.2671 
 589   0.0000       2.620722        71.3135 
 590   0.0000       2.624773        71.4237 
 591   0.0000       2.633565        71.6629 
 592   0.0000       2.647256        72.0355 
 593   0.0000       2.656977        72.3000 
 594   0.0000       2.661100        72.4122 
 595   0.0000       2.674643        72.7807 
 596   0.0000       2.685089        73.0650 
 597   0.0000       2.696062        73.3636 
 598   0.0000       2.701871        73.5216 
 599   0.0000       2.708180        73.6933 
 600   0.0000       2.716516        73.9202 
 601   0.0000       2.718858        73.9839 
 602   0.0000       2.722503        74.0831 
 603   0.0000       2.740806        74.5811 
 604   0.0000       2.742307        74.6220 
 605   0.0000       2.748453        74.7892 
 606   0.0000       2.755478        74.9804 
 607   0.0000       2.772656        75.4478 
 608   0.0000       2.777865        75.5895 
 609   0.0000       2.784487        75.7698 
 610   0.0000       2.788157        75.8696 
 611   0.0000       2.800435        76.2037 
 612   0.0000       2.809746        76.4571 
 613   0.0000       2.813169        76.5502 
 614   0.0000       2.824324        76.8538 
 615   0.0000       2.825460        76.8847 
 616   0.0000       2.828342        76.9631 
 617   0.0000       2.832249        77.0694 
 618   0.0000       2.836373        77.1816 
 619   0.0000       2.841881        77.3315 
 620   0.0000       2.845755        77.4369 
 621   0.0000       2.849806        77.5472 
 622   0.0000       2.861460        77.8643 
 623   0.0000       2.863987        77.9331 
 624   0.0000       2.869298        78.0776 
 625   0.0000       2.881900        78.4205 
 626   0.0000       2.895643        78.7945 
 627   0.0000       2.898966        78.8849 
 628   0.0000       2.905016        79.0495 
 629   0.0000       2.911211        79.2181 
 630   0.0000       2.925493        79.6067 
 631   0.0000       2.932403        79.7947 
 632   0.0000       2.939456        79.9867 
 633   0.0000       2.961805        80.5948 
 634   0.0000       2.982996        81.1714 
 635   0.0000       2.986051        81.2546 
 636   0.0000       3.005941        81.7958 
 637   0.0000       3.014908        82.0398 
 638   0.0000       3.091150        84.1145 
 639   0.0000       3.100297        84.3634 
 640   0.0000       3.113392        84.7197 
 641   0.0000       3.116587        84.8066 
 642   0.0000       3.155689        85.8707 
 643   0.0000       3.165047        86.1253 
 644   0.0000       3.292500        89.5935 
 645   0.0000       3.306561        89.9761 
 646   0.0000       3.334277        90.7303 
 647   0.0000       3.342429        90.9521 
 648   0.0000       3.399596        92.5077 
 649   0.0000       3.401719        92.5655 
